Exact																																								
0	0	0	0	0	0	0	0	0	0	0	0	0	0	0	0	0	0	0	0	0	0	0	0	0	0	0	0	0	0	0	0	0	0	0	0	0	0	0	0	0
0	0.004	0.007	0.011	0.014	0.018	0.021	0.024	0.026	0.029	0.031	0.033	0.035	0.036	0.037	0.038	0.038	0.039	0.039	0.039	0.039	0.039	0.039	0.039	0.038	0.038	0.037	0.036	0.035	0.033	0.031	0.029	0.026	0.024	0.021	0.018	0.014	0.011	0.007	0.004	0
0	0.007	0.015	0.022	0.028	0.035	0.041	0.047	0.052	0.058	0.062	0.066	0.07	0.072	0.074	0.075	0.076	0.077	0.077	0.078	0.078	0.078	0.077	0.077	0.076	0.075	0.074	0.072	0.07	0.066	0.062	0.058	0.052	0.047	0.041	0.035	0.028	0.022	0.015	0.007	0
0	0.011	0.022	0.032	0.042	0.052	0.061	0.07	0.078	0.086	0.093	0.099	0.104	0.107	0.11	0.112	0.114	0.114	0.115	0.115	0.116	0.115	0.115	0.114	0.114	0.112	0.11	0.107	0.104	0.099	0.093	0.086	0.078	0.07	0.061	0.052	0.042	0.032	0.022	0.011	0
0	0.014	0.028	0.042	0.056	0.069	0.081	0.092	0.103	0.113	0.122	0.13	0.137	0.142	0.145	0.148	0.15	0.151	0.152	0.152	0.152	0.152	0.152	0.151	0.15	0.148	0.145	0.142	0.137	0.13	0.122	0.113	0.103	0.092	0.081	0.069	0.056	0.042	0.028	0.014	0
0	0.018	0.035	0.052	0.069	0.085	0.1	0.114	0.127	0.139	0.151	0.16	0.168	0.174	0.179	0.182	0.184	0.186	0.187	0.187	0.187	0.187	0.187	0.186	0.184	0.182	0.179	0.174	0.168	0.16	0.151	0.139	0.127	0.114	0.1	0.085	0.069	0.052	0.035	0.018	0
0	0.021	0.041	0.061	0.081	0.099	0.117	0.134	0.149	0.164	0.177	0.188	0.198	0.205	0.21	0.214	0.217	0.218	0.22	0.22	0.22	0.22	0.22	0.218	0.217	0.214	0.21	0.205	0.198	0.188	0.177	0.164	0.149	0.134	0.117	0.099	0.081	0.061	0.041	0.021	0
0	0.023	0.047	0.069	0.091	0.113	0.133	0.152	0.169	0.186	0.201	0.214	0.224	0.232	0.238	0.243	0.246	0.248	0.25	0.25	0.251	0.25	0.25	0.248	0.246	0.243	0.238	0.232	0.224	0.214	0.201	0.186	0.169	0.152	0.133	0.113	0.091	0.069	0.047	0.023	0
0	0.026	0.051	0.076	0.101	0.124	0.146	0.167	0.186	0.205	0.221	0.236	0.247	0.256	0.263	0.268	0.272	0.274	0.276	0.277	0.277	0.277	0.276	0.274	0.272	0.268	0.263	0.256	0.247	0.236	0.221	0.205	0.186	0.167	0.146	0.124	0.101	0.076	0.051	0.026	0
0	0.027	0.054	0.081	0.107	0.132	0.155	0.178	0.198	0.218	0.236	0.251	0.263	0.273	0.281	0.286	0.29	0.293	0.294	0.295	0.296	0.295	0.294	0.293	0.29	0.286	0.281	0.273	0.263	0.251	0.236	0.218	0.198	0.178	0.155	0.132	0.107	0.081	0.054	0.027	0
0	0.028	0.055	0.083	0.109	0.134	0.158	0.181	0.202	0.222	0.24	0.256	0.269	0.279	0.286	0.292	0.296	0.299	0.301	0.302	0.302	0.302	0.301	0.299	0.296	0.292	0.286	0.279	0.269	0.256	0.24	0.222	0.202	0.181	0.158	0.134	0.109	0.083	0.055	0.028	0
0	0.027	0.054	0.081	0.107	0.132	0.155	0.178	0.198	0.218	0.236	0.251	0.263	0.273	0.281	0.286	0.29	0.293	0.294	0.295	0.296	0.295	0.294	0.293	0.29	0.286	0.281	0.273	0.263	0.251	0.236	0.218	0.198	0.178	0.155	0.132	0.107	0.081	0.054	0.027	0
0	0.026	0.051	0.076	0.101	0.124	0.146	0.167	0.186	0.205	0.221	0.236	0.247	0.256	0.263	0.268	0.272	0.274	0.276	0.277	0.277	0.277	0.276	0.274	0.272	0.268	0.263	0.256	0.247	0.236	0.221	0.205	0.186	0.167	0.146	0.124	0.101	0.076	0.051	0.026	0
0	0.023	0.047	0.069	0.091	0.113	0.133	0.152	0.169	0.186	0.201	0.214	0.224	0.232	0.238	0.243	0.246	0.248	0.25	0.25	0.251	0.25	0.25	0.248	0.246	0.243	0.238	0.232	0.224	0.214	0.201	0.186	0.169	0.152	0.133	0.113	0.091	0.069	0.047	0.023	0
0	0.021	0.041	0.061	0.081	0.099	0.117	0.134	0.149	0.164	0.177	0.188	0.198	0.205	0.21	0.214	0.217	0.218	0.22	0.22	0.22	0.22	0.22	0.218	0.217	0.214	0.21	0.205	0.198	0.188	0.177	0.164	0.149	0.134	0.117	0.099	0.081	0.061	0.041	0.021	0
0	0.018	0.035	0.052	0.069	0.085	0.1	0.114	0.127	0.139	0.151	0.16	0.168	0.174	0.179	0.182	0.184	0.186	0.187	0.187	0.187	0.187	0.187	0.186	0.184	0.182	0.179	0.174	0.168	0.16	0.151	0.139	0.127	0.114	0.1	0.085	0.069	0.052	0.035	0.018	0
0	0.014	0.028	0.042	0.056	0.069	0.081	0.092	0.103	0.113	0.122	0.13	0.137	0.142	0.145	0.148	0.15	0.151	0.152	0.152	0.152	0.152	0.152	0.151	0.15	0.148	0.145	0.142	0.137	0.13	0.122	0.113	0.103	0.092	0.081	0.069	0.056	0.042	0.028	0.014	0
0	0.011	0.022	0.032	0.042	0.052	0.061	0.07	0.078	0.086	0.093	0.099	0.104	0.107	0.11	0.112	0.114	0.114	0.115	0.115	0.116	0.115	0.115	0.114	0.114	0.112	0.11	0.107	0.104	0.099	0.093	0.086	0.078	0.07	0.061	0.052	0.042	0.032	0.022	0.011	0
0	0.007	0.015	0.022	0.028	0.035	0.041	0.047	0.052	0.058	0.062	0.066	0.07	0.072	0.074	0.075	0.076	0.077	0.077	0.078	0.078	0.078	0.077	0.077	0.076	0.075	0.074	0.072	0.07	0.066	0.062	0.058	0.052	0.047	0.041	0.035	0.028	0.022	0.015	0.007	0
0	0.004	0.007	0.011	0.014	0.018	0.021	0.024	0.026	0.029	0.031	0.033	0.035	0.036	0.037	0.038	0.038	0.039	0.039	0.039	0.039	0.039	0.039	0.039	0.038	0.038	0.037	0.036	0.035	0.033	0.031	0.029	0.026	0.024	0.021	0.018	0.014	0.011	0.007	0.004	0
0	0	0	0	0	0	0	0	0	0	0	0	0	0	0	0	0	0	0	0	0	0	0	0	0	0	0	0	0	0	0	0	0	0	0	0	0	0	0	0	0
CPU																																								
0	0	0	0	0	0	0	0	0	0	0	0	0	0	0	0	0	0	0	0	0	0	0	0	0	0	0	0	0	0	0	0	0	0	0	0	0	0	0	0	0
0	0.003	0.007	0.01	0.014	0.017	0.02	0.023	0.025	0.027	0.03	0.031	0.033	0.034	0.035	0.036	0.036	0.036	0.036	0.036	0.036	0.036	0.036	0.036	0.036	0.036	0.035	0.034	0.033	0.031	0.03	0.027	0.025	0.023	0.02	0.017	0.014	0.01	0.007	0.003	0
0	0.007	0.014	0.021	0.027	0.034	0.04	0.045	0.051	0.055	0.06	0.064	0.067	0.069	0.071	0.072	0.073	0.074	0.074	0.074	0.074	0.074	0.074	0.074	0.073	0.072	0.071	0.069	0.067	0.064	0.06	0.055	0.051	0.045	0.04	0.034	0.027	0.021	0.014	0.007	0
0	0.011	0.021	0.031	0.041	0.051	0.06	0.068	0.076	0.084	0.09	0.096	0.101	0.104	0.107	0.109	0.11	0.111	0.111	0.111	0.111	0.111	0.111	0.111	0.11	0.109	0.107	0.104	0.101	0.096	0.09	0.084	0.076	0.068	0.06	0.051	0.041	0.031	0.021	0.011	0
0	0.014	0.028	0.042	0.055	0.067	0.079	0.091	0.101	0.111	0.119	0.127	0.133	0.138	0.142	0.145	0.146	0.147	0.147	0.147	0.147	0.147	0.147	0.147	0.146	0.145	0.142	0.138	0.133	0.127	0.119	0.111	0.101	0.091	0.079	0.067	0.055	0.042	0.028	0.014	0
0	0.017	0.034	0.051	0.067	0.083	0.098	0.112	0.125	0.137	0.147	0.157	0.165	0.171	0.176	0.179	0.181	0.182	0.183	0.183	0.182	0.183	0.183	0.182	0.181	0.179	0.176	0.171	0.165	0.157	0.147	0.137	0.125	0.112	0.098	0.083	0.067	0.051	0.034	0.017	0
0	0.02	0.041	0.061	0.08	0.098	0.116	0.133	0.148	0.162	0.175	0.186	0.196	0.203	0.209	0.213	0.215	0.217	0.217	0.217	0.217	0.217	0.217	0.217	0.215	0.213	0.209	0.203	0.196	0.186	0.175	0.162	0.148	0.133	0.116	0.098	0.08	0.061	0.041	0.02	0
0	0.023	0.046	0.069	0.091	0.112	0.132	0.151	0.168	0.184	0.199	0.212	0.222	0.231	0.238	0.242	0.245	0.247	0.248	0.248	0.248	0.248	0.248	0.247	0.245	0.242	0.238	0.231	0.222	0.212	0.199	0.184	0.168	0.151	0.132	0.112	0.091	0.069	0.046	0.023	0
0	0.025	0.05	0.075	0.099	0.122	0.144	0.164	0.183	0.201	0.217	0.23	0.242	0.252	0.259	0.264	0.268	0.269	0.27	0.27	0.27	0.27	0.27	0.269	0.268	0.264	0.259	0.252	0.242	0.23	0.217	0.201	0.183	0.164	0.144	0.122	0.099	0.075	0.05	0.025	0
0	0.026	0.053	0.079	0.104	0.128	0.151	0.173	0.193	0.211	0.228	0.242	0.255	0.265	0.272	0.278	0.281	0.283	0.284	0.284	0.284	0.284	0.284	0.283	0.281	0.278	0.272	0.265	0.255	0.242	0.228	0.211	0.193	0.173	0.151	0.128	0.104	0.079	0.053	0.026	0
0	0.027	0.054	0.08	0.105	0.13	0.153	0.175	0.196	0.215	0.231	0.246	0.259	0.269	0.277	0.282	0.286	0.288	0.289	0.289	0.289	0.289	0.289	0.288	0.286	0.282	0.277	0.269	0.259	0.246	0.231	0.215	0.196	0.175	0.153	0.13	0.105	0.08	0.054	0.027	0
0	0.026	0.053	0.079	0.104	0.128	0.151	0.173	0.193	0.211	0.228	0.242	0.255	0.265	0.272	0.278	0.281	0.283	0.284	0.284	0.284	0.284	0.284	0.283	0.281	0.278	0.272	0.265	0.255	0.242	0.228	0.211	0.193	0.173	0.151	0.128	0.104	0.079	0.053	0.026	0
0	0.025	0.05	0.075	0.099	0.122	0.144	0.164	0.183	0.201	0.217	0.23	0.242	0.252	0.259	0.264	0.268	0.269	0.27	0.27	0.27	0.27	0.27	0.269	0.268	0.264	0.259	0.252	0.242	0.23	0.217	0.201	0.183	0.164	0.144	0.122	0.099	0.075	0.05	0.025	0
0	0.023	0.046	0.069	0.091	0.112	0.132	0.151	0.168	0.184	0.199	0.212	0.222	0.231	0.238	0.242	0.245	0.247	0.248	0.248	0.248	0.248	0.248	0.247	0.245	0.242	0.238	0.231	0.222	0.212	0.199	0.184	0.168	0.151	0.132	0.112	0.091	0.069	0.046	0.023	0
0	0.02	0.041	0.061	0.08	0.098	0.116	0.133	0.148	0.162	0.175	0.186	0.196	0.203	0.209	0.213	0.215	0.217	0.217	0.217	0.217	0.217	0.217	0.217	0.215	0.213	0.209	0.203	0.196	0.186	0.175	0.162	0.148	0.133	0.116	0.098	0.08	0.061	0.041	0.02	0
0	0.017	0.034	0.051	0.067	0.083	0.098	0.112	0.125	0.137	0.147	0.157	0.165	0.171	0.176	0.179	0.181	0.182	0.183	0.183	0.182	0.183	0.183	0.182	0.181	0.179	0.176	0.171	0.165	0.157	0.147	0.137	0.125	0.112	0.098	0.083	0.067	0.051	0.034	0.017	0
0	0.014	0.028	0.042	0.055	0.067	0.079	0.091	0.101	0.111	0.119	0.127	0.133	0.138	0.142	0.145	0.146	0.147	0.147	0.147	0.147	0.147	0.147	0.147	0.146	0.145	0.142	0.138	0.133	0.127	0.119	0.111	0.101	0.091	0.079	0.067	0.055	0.042	0.028	0.014	0
0	0.011	0.021	0.031	0.041	0.051	0.06	0.068	0.076	0.084	0.09	0.096	0.101	0.104	0.107	0.109	0.11	0.111	0.111	0.111	0.111	0.111	0.111	0.111	0.11	0.109	0.107	0.104	0.101	0.096	0.09	0.084	0.076	0.068	0.06	0.051	0.041	0.031	0.021	0.011	0
0	0.007	0.014	0.021	0.027	0.034	0.04	0.045	0.051	0.055	0.06	0.064	0.067	0.069	0.071	0.072	0.073	0.074	0.074	0.074	0.074	0.074	0.074	0.074	0.073	0.072	0.071	0.069	0.067	0.064	0.06	0.055	0.051	0.045	0.04	0.034	0.027	0.021	0.014	0.007	0
0	0.003	0.007	0.01	0.014	0.017	0.02	0.023	0.025	0.027	0.03	0.031	0.033	0.034	0.035	0.036	0.036	0.036	0.036	0.036	0.036	0.036	0.036	0.036	0.036	0.036	0.035	0.034	0.033	0.031	0.03	0.027	0.025	0.023	0.02	0.017	0.014	0.01	0.007	0.003	0
0	0	0	0	0	0	0	0	0	0	0	0	0	0	0	0	0	0	0	0	0	0	0	0	0	0	0	0	0	0	0	0	0	0	0	0	0	0	0	0	0
GPU																																								
0	0	0	0	0	0	0	0	0	0	0	0	0	0	0	0	0	0	0	0	0	0	0	0	0	0	0	0	0	0	0	0	0	0	0	0	0	0	0	0	0
0	0.003	0.007	0.01	0.014	0.017	0.02	0.023	0.025	0.027	0.03	0.031	0.033	0.034	0.035	0.036	0.036	0.036	0.036	0.036	0.036	0.036	0.036	0.036	0.036	0.036	0.035	0.034	0.033	0.031	0.03	0.027	0.025	0.023	0.02	0.017	0.014	0.01	0.007	0.003	0
0	0.007	0.014	0.021	0.027	0.034	0.04	0.045	0.051	0.055	0.06	0.064	0.067	0.069	0.071	0.072	0.073	0.074	0.074	0.074	0.074	0.074	0.074	0.074	0.073	0.072	0.071	0.069	0.067	0.064	0.06	0.055	0.051	0.045	0.04	0.034	0.027	0.021	0.014	0.007	0
0	0.011	0.021	0.031	0.041	0.051	0.06	0.068	0.076	0.084	0.09	0.096	0.101	0.104	0.107	0.109	0.11	0.111	0.111	0.111	0.111	0.111	0.111	0.111	0.11	0.109	0.107	0.104	0.101	0.096	0.09	0.084	0.076	0.068	0.06	0.051	0.041	0.031	0.021	0.011	0
0	0.014	0.028	0.042	0.055	0.067	0.079	0.091	0.101	0.111	0.119	0.127	0.133	0.138	0.142	0.145	0.146	0.147	0.147	0.147	0.147	0.147	0.147	0.147	0.146	0.145	0.142	0.138	0.133	0.127	0.119	0.111	0.101	0.091	0.079	0.067	0.055	0.042	0.028	0.014	0
0	0.017	0.034	0.051	0.067	0.083	0.098	0.112	0.125	0.137	0.147	0.157	0.165	0.171	0.176	0.179	0.181	0.182	0.183	0.183	0.182	0.183	0.183	0.182	0.181	0.179	0.176	0.171	0.165	0.157	0.147	0.137	0.125	0.112	0.098	0.083	0.067	0.051	0.034	0.017	0
0	0.02	0.041	0.061	0.08	0.098	0.116	0.133	0.148	0.162	0.175	0.186	0.196	0.203	0.209	0.213	0.215	0.217	0.217	0.217	0.217	0.217	0.217	0.217	0.215	0.213	0.209	0.203	0.196	0.186	0.175	0.162	0.148	0.133	0.116	0.098	0.08	0.061	0.041	0.02	0
0	0.023	0.046	0.069	0.091	0.112	0.132	0.151	0.168	0.184	0.199	0.212	0.222	0.231	0.238	0.242	0.245	0.247	0.248	0.248	0.248	0.248	0.248	0.247	0.245	0.242	0.238	0.231	0.222	0.212	0.199	0.184	0.168	0.151	0.132	0.112	0.091	0.069	0.046	0.023	0
0	0.025	0.05	0.075	0.099	0.122	0.144	0.164	0.183	0.201	0.217	0.23	0.242	0.252	0.259	0.264	0.268	0.269	0.27	0.27	0.27	0.27	0.27	0.269	0.268	0.264	0.259	0.252	0.242	0.23	0.217	0.201	0.183	0.164	0.144	0.122	0.099	0.075	0.05	0.025	0
0	0.026	0.053	0.079	0.104	0.128	0.151	0.173	0.193	0.211	0.228	0.242	0.255	0.265	0.272	0.278	0.281	0.283	0.284	0.284	0.284	0.284	0.284	0.283	0.281	0.278	0.272	0.265	0.255	0.242	0.228	0.211	0.193	0.173	0.151	0.128	0.104	0.079	0.053	0.026	0
0	0.027	0.054	0.08	0.105	0.13	0.153	0.175	0.196	0.215	0.231	0.246	0.259	0.269	0.277	0.282	0.286	0.288	0.289	0.289	0.289	0.289	0.289	0.288	0.286	0.282	0.277	0.269	0.259	0.246	0.231	0.215	0.196	0.175	0.153	0.13	0.105	0.08	0.054	0.027	0
0	0.026	0.053	0.079	0.104	0.128	0.151	0.173	0.193	0.211	0.228	0.242	0.255	0.265	0.272	0.278	0.281	0.283	0.284	0.284	0.284	0.284	0.284	0.283	0.281	0.278	0.272	0.265	0.255	0.242	0.228	0.211	0.193	0.173	0.151	0.128	0.104	0.079	0.053	0.026	0
0	0.025	0.05	0.075	0.099	0.122	0.144	0.164	0.183	0.201	0.217	0.23	0.242	0.252	0.259	0.264	0.268	0.269	0.27	0.27	0.27	0.27	0.27	0.269	0.268	0.264	0.259	0.252	0.242	0.23	0.217	0.201	0.183	0.164	0.144	0.122	0.099	0.075	0.05	0.025	0
0	0.023	0.046	0.069	0.091	0.112	0.132	0.151	0.168	0.184	0.199	0.212	0.222	0.231	0.238	0.242	0.245	0.247	0.248	0.248	0.248	0.248	0.248	0.247	0.245	0.242	0.238	0.231	0.222	0.212	0.199	0.184	0.168	0.151	0.132	0.112	0.091	0.069	0.046	0.023	0
0	0.02	0.041	0.061	0.08	0.098	0.116	0.133	0.148	0.162	0.175	0.186	0.196	0.203	0.209	0.213	0.215	0.217	0.217	0.217	0.217	0.217	0.217	0.217	0.215	0.213	0.209	0.203	0.196	0.186	0.175	0.162	0.148	0.133	0.116	0.098	0.08	0.061	0.041	0.02	0
0	0.017	0.034	0.051	0.067	0.083	0.098	0.112	0.125	0.137	0.147	0.157	0.165	0.171	0.176	0.179	0.181	0.182	0.183	0.183	0.182	0.183	0.183	0.182	0.181	0.179	0.176	0.171	0.165	0.157	0.147	0.137	0.125	0.112	0.098	0.083	0.067	0.051	0.034	0.017	0
0	0.014	0.028	0.042	0.055	0.067	0.079	0.091	0.101	0.111	0.119	0.127	0.133	0.138	0.142	0.145	0.146	0.147	0.147	0.147	0.147	0.147	0.147	0.147	0.146	0.145	0.142	0.138	0.133	0.127	0.119	0.111	0.101	0.091	0.079	0.067	0.055	0.042	0.028	0.014	0
0	0.011	0.021	0.031	0.041	0.051	0.06	0.068	0.076	0.084	0.09	0.096	0.101	0.104	0.107	0.109	0.11	0.111	0.111	0.111	0.111	0.111	0.111	0.111	0.11	0.109	0.107	0.104	0.101	0.096	0.09	0.084	0.076	0.068	0.06	0.051	0.041	0.031	0.021	0.011	0
0	0.007	0.014	0.021	0.027	0.034	0.04	0.045	0.051	0.055	0.06	0.064	0.067	0.069	0.071	0.072	0.073	0.074	0.074	0.074	0.074	0.074	0.074	0.074	0.073	0.072	0.071	0.069	0.067	0.064	0.06	0.055	0.051	0.045	0.04	0.034	0.027	0.021	0.014	0.007	0
0	0.003	0.007	0.01	0.014	0.017	0.02	0.023	0.025	0.027	0.03	0.031	0.033	0.034	0.035	0.036	0.036	0.036	0.036	0.036	0.036	0.036	0.036	0.036	0.036	0.036	0.035	0.034	0.033	0.031	0.03	0.027	0.025	0.023	0.02	0.017	0.014	0.01	0.007	0.003	0
0	0	0	0	0	0	0	0	0	0	0	0	0	0	0	0	0	0	0	0	0	0	0	0	0	0	0	0	0	0	0	0	0	0	0	0	0	0	0	0	0
